GOPE 130520 0000 100737.8 280.0
GOPE 130520 0100 99455.1 283.0
GOPE 130520 0200 100046.8 279.0
GOPE 130520 0300 100433.6 278.9
GOPE 130520 0400 100600.6 278.0
GOPE 130520 0500 99819.4 281.0
GOPE 130520 0600 100506.8 281.1
GOPE 130520 0700 99352.8 282.0
GOPE 130520 0800 99761.9 278.6
GOPE 130520 0900 100007.3 280.0
GOPE 130520 1000 100895.2 278.0
GOPE 130520 1100 100602.7 282.0
GOPE 130520 1200 100215.3 284.0
GOPE 130520 1300 99472.8 280.0
GOPE 130520 1400 99557.3 280.0
GOPE 130520 1500 100394.6 283.0
GOPE 130520 1600 100901.4 280.0
GOPE 130520 1700 100516.8 279.5
GOPE 130520 1800 99923.9 287.4
GOPE 130520 1900 99531.3 280.0
GOPE 130520 2000 99697.5 282.4
GOPE 130520 2100 100861.2 280.0
GOPE 130520 2200 100736.3 279.2
GOPE 130520 2300 100608.3 280.2
