GOPE 130520 0000 23199.7 215.8
GOPE 130520 0100 24839.6 223.3
GOPE 130520 0200 25829.2 221.0
GOPE 130520 0300 25860.6 222.0
GOPE 130520 0400 24693.1 218.8
GOPE 130520 0500 29117.7 226.5
GOPE 130520 0600 23192.1 216.6
GOPE 130520 0700 26214.0 226.7
GOPE 130520 0800 24995.1 219.8
GOPE 130520 0900 26346.4 222.5
GOPE 130520 1000 23541.1 218.6
GOPE 130520 1100 26172.9 221.0
GOPE 130520 1200 23207.1 215.7
GOPE 130520 1300 26784.6 222.8
GOPE 130520 1400 24973.9 219.9
GOPE 130520 1500 25335.6 219.8
GOPE 130520 1600 24310.4 217.7
GOPE 130520 1700 24388.7 217.1
GOPE 130520 1800 23669.0 217.6
GOPE 130520 1900 26508.6 221.8
GOPE 130520 2000 25821.5 221.8
GOPE 130520 2100 26110.5 220.4
GOPE 130520 2200 24200.0 217.2
GOPE 130520 2300 24318.6 218.2
