BISK 130508 0200 1024.11 280.2 -2.85
BISK 130508 0300 1024.04 280.2 -2.85
BISK 130508 0400 1023.57 280.2 -2.85
BISK 130508 0500 1023.2 280.2 -2.85
BISK 130508 0600 1022.93 280.2 -2.85
BISK 130508 0700 1022.33 280.2 -2.85
BISK 130508 0800 1021.83 280.2 -2.85
BISK 130508 0900 1021.44 280.2 -2.85
BISK 130508 1000 1020.92 280.2 -2.85
BISK 130508 1100 1020.51 280.2 -2.85
BISK 130508 1200 1020.2 280.2 -2.85
BISK 130508 1300 1019.16 280.2 -2.85
BISK 130508 1400 1018.22 280.2 -2.85
BISK 130508 1500 1017.38 280.2 -2.85
BISK 130508 1600 1016.8 280.2 -2.85
BISK 130508 1700 1016.33 280.2 -2.85
BISK 130508 1800 1015.95 280.2 -2.85
BISK 130508 1900 1015.39 280.2 -2.85
BISK 130508 2000 1014.94 280.2 -2.85
BISK 130508 2100 1014.59 280.2 -2.85
BISK 130508 2200 1013.8 280.2 -2.85
