BISK 130520 0000 101647.5 280.8 -4.22
BISK 130520 0100 100640.1 280.9 -4.22
BISK 130520 0200 101041.8 280.9 -4.22
BISK 130520 0300 101291.3 281.0 -4.22
BISK 130520 0400 101528.9 281.2 -4.22
BISK 130520 0500 100911.0 281.2 -4.22
BISK 130520 0600 101407.7 280.8 -4.22
BISK 130520 0700 100534.1 280.9 -4.22
BISK 130520 0800 100754.2 280.9 -4.22
BISK 130520 0900 100868.3 281.0 -4.22
BISK 130520 1000 101707.9 281.2 -4.22
BISK 130520 1100 101716.6 281.2 -4.22
BISK 130520 1200 101171.1 280.8 -4.22
BISK 130520 1300 100585.7 280.9 -4.22
BISK 130520 1400 100499.7 280.9 -4.22
BISK 130520 1500 101549.0 281.0 -4.22
BISK 130520 1600 101797.0 281.2 -4.22
BISK 130520 1700 101551.6 281.2 -4.22
BISK 130520 1800 100888.1 280.8 -4.22
BISK 130520 1900 100569.9 280.9 -4.22
BISK 130520 2000 100677.7 280.9 -4.22
BISK 130520 2100 101875.4 281.0 -4.22
BISK 130520 2200 101613.6 281.2 -4.22
BISK 130520 2300 101476.3 281.2 -4.22
