BISK 130509 0000 101225.2 280.0 -4.22
BISK 130509 0100 100328.7 280.1 -4.22
BISK 130509 0200 100247.6 280.1 -4.22
BISK 130509 0300 99829.2 280.2 -4.22
BISK 130509 0400 99087.9 280.2 -4.22
BISK 130509 0500 100445.9 280.3 -4.22
BISK 130509 0600 100809.7 280.0 -4.22
BISK 130509 0700 100370.8 280.1 -4.22
BISK 130509 0800 100606.8 280.1 -4.22
BISK 130509 0900 99981.7 280.2 -4.22
BISK 130509 1000 99550.2 280.3 -4.22
BISK 130509 1100 100375.7 280.3 -4.22
BISK 130509 1200 100685.0 280.0 -4.22
BISK 130509 1300 100143.0 280.1 -4.22
BISK 130509 1400 100482.7 280.1 -4.22
BISK 130509 1500 99630.6 280.2 -4.22
BISK 130509 1600 99892.8 280.2 -4.22
BISK 130509 1700 100774.0 280.3 -4.22
BISK 130509 1800 100531.2 280.1 -4.22
BISK 130509 1900 99849.1 280.1 -4.22
BISK 130509 2000 100172.4 280.1 -4.22
BISK 130509 2100 99344.2 280.2 -4.22
BISK 130509 2200 99992.9 280.2 -4.22
BISK 130509 2300 100410.2 280.3 -4.22
