BISK 130505 0000 100132.1 280.1 -4.22
BISK 130505 0100 101108.9 280.2 -4.22
BISK 130505 0200 101927.6 280.2 -4.22
BISK 130505 0300 100530.0 280.3 -4.22
BISK 130505 0400 100477.7 280.4 -4.22
BISK 130505 0600 100312.0 280.1 -4.22
BISK 130505 0700 101179.4 280.2 -4.22
BISK 130505 0800 102091.6 280.2 -4.22
BISK 130505 0900 100785.6 280.3 -4.22
BISK 130505 1000 100823.1 280.3 -4.22
BISK 130505 1100 101416.7 280.4 -4.22
BISK 130505 1200 100826.6 280.2 -4.22
BISK 130505 1300 101173.5 280.2 -4.22
BISK 130505 1400 102073.7 280.2 -4.22
BISK 130505 1500 100453.5 280.3 -4.22
BISK 130505 1600 100245.9 280.3 -4.22
BISK 130505 1700 100389.3 280.3 -4.22
BISK 130505 1800 101008.3 280.1 -4.22
BISK 130505 1900 101313.5 280.2 -4.22
BISK 130505 2000 101753.5 280.2 -4.22
BISK 130505 2100 100186.3 280.3 -4.22
BISK 130505 2200 100426.7 280.3 -4.22
