DRES 130520 0000 101562.52 281.08 0.74
DRES 130520 0100 100509.44 281.18 0.74
DRES 130520 0200 101035.0 281.18 0.74
DRES 130520 0300 101358.26 281.28 0.74
DRES 130520 0400 101447.52 281.38 0.74
DRES 130520 0500 100794.42 281.4 0.74
DRES 130520 0600 101292.86 281.08 0.74
DRES 130520 0700 100397.12 281.1 0.74
DRES 130520 0800 100763.48 281.2 0.74
DRES 130520 0900 100894.88 281.28 0.74
DRES 130520 1000 101715.58 281.4 0.74
DRES 130520 1100 101621.9 281.4 0.74
DRES 130520 1200 100995.36 281.08 0.74
DRES 130520 1300 100556.76 281.18 0.74
DRES 130520 1400 100462.92 281.2 0.74
DRES 130520 1500 101408.1 281.28 0.74
DRES 130520 1600 101751.68 281.38 0.74
DRES 130520 1700 101555.7 281.4 0.74
DRES 130520 1800 100701.88 281.08 0.74
DRES 130520 1900 100546.16 281.1 0.74
DRES 130520 2000 100579.5 281.18 0.74
DRES 130520 2100 101911.88 281.28 0.74
DRES 130520 2200 101576.64 281.38 0.74
DRES 130520 2300 101604.28 281.48 0.74
