DRES 130505 0000 99998.04 280.5 0.74
DRES 130505 0100 100958.0 280.5 0.74
DRES 130505 0200 101834.02 280.5 0.74
DRES 130505 0300 100488.84 280.6 0.74
DRES 130505 0400 100364.56 280.62 0.74
DRES 130505 0600 100210.62 280.42 0.74
DRES 130505 0700 101057.06 280.5 0.74
DRES 130505 0800 101993.38 280.5 0.74
DRES 130505 0900 100700.66 280.6 0.74
DRES 130505 1000 100866.94 280.6 0.74
DRES 130505 1100 101374.76 280.62 0.74
DRES 130505 1200 100777.68 280.5 0.74
DRES 130505 1300 101081.98 280.5 0.74
DRES 130505 1400 101882.5 280.6 0.74
DRES 130505 1500 100344.14 280.6 0.74
DRES 130505 1600 100178.82 280.7 0.74
DRES 130505 1700 100335.98 280.62 0.74
DRES 130505 1800 100822.38 280.5 0.74
DRES 130505 1900 101258.56 280.5 0.74
DRES 130505 2000 101559.24 280.5 0.74
DRES 130505 2100 100164.12 280.6 0.74
DRES 130505 2200 100402.44 280.6 0.74
