DRES 130509 0000 101071.56 280.4 0.74
DRES 130509 0100 100272.66 280.42 0.74
DRES 130509 0200 100290.5 280.4 0.74
DRES 130509 0300 99745.36 280.5 0.74
DRES 130509 0400 99016.18 280.6 0.74
DRES 130509 0500 100493.14 280.6 0.74
DRES 130509 0600 100612.5 280.4 0.74
DRES 130509 0700 100265.94 280.4 0.74
DRES 130509 0800 100548.22 280.5 0.74
DRES 130509 0900 99932.28 280.5 0.74
DRES 130509 1000 99042.74 280.6 0.74
DRES 130509 1100 100243.16 280.6 0.74
DRES 130509 1200 100508.2 280.4 0.74
DRES 130509 1300 100036.22 280.4 0.74
DRES 130509 1400 100365.76 280.48 0.74
DRES 130509 1500 99532.52 280.5 0.74
DRES 130509 1600 99545.24 280.58 0.74
DRES 130509 1700 100807.48 280.6 0.74
DRES 130509 1800 100409.4 280.4 0.74
DRES 130509 1900 99803.2 280.4 0.74
DRES 130509 2000 100102.56 280.5 0.74
DRES 130509 2100 99320.04 280.5 0.74
DRES 130509 2200 99845.96 280.52 0.74
DRES 130509 2300 100385.78 280.6 0.74
