GOPE 130520 0000 101720.1 281.0 0.8
GOPE 130520 0100 100414.8 281.0 0.8
GOPE 130520 0200 101026.9 281.0 0.8
GOPE 130520 0300 101416.6 281.1 0.8
GOPE 130520 0400 101589.1 281.2 0.8
GOPE 130520 0500 100791.7 281.3 0.8
GOPE 130520 0600 101485.5 281.0 0.8
GOPE 130520 0700 100316.3 281.0 0.8
GOPE 130520 0800 100739.9 281.1 0.8
GOPE 130520 0900 100983.8 281.1 0.8
GOPE 130520 1000 101887.9 281.3 0.8
GOPE 130520 1100 101578.9 281.3 0.8
GOPE 130520 1200 101183.0 280.9 0.8
GOPE 130520 1300 100441.1 281.0 0.8
GOPE 130520 1400 100529.2 281.1 0.8
GOPE 130520 1500 101364.8 281.1 0.8
GOPE 130520 1600 101886.4 281.3 0.8
GOPE 130520 1700 101498.4 281.3 0.8
GOPE 130520 1800 100877.0 280.9 0.8
GOPE 130520 1900 100503.6 281.0 0.8
GOPE 130520 2000 100662.5 281.0 0.8
GOPE 130520 2100 101846.0 281.1 0.8
GOPE 130520 2200 101722.3 281.3 0.8
GOPE 130520 2300 101590.0 281.3 0.8
