GOPE 130509 0000 101318.0 280.3 0.8
GOPE 130509 0100 100182.2 280.4 0.8
GOPE 130509 0200 100172.5 280.4 0.8
GOPE 130509 0300 99872.3 280.5 0.8
GOPE 130509 0400 99079.2 280.5 0.8
GOPE 130509 0500 100404.3 280.5 0.8
GOPE 130509 0600 100889.5 280.4 0.8
GOPE 130509 0700 100198.3 280.3 0.8
GOPE 130509 0800 100454.4 280.4 0.8
GOPE 130509 0900 99814.4 280.4 0.8
GOPE 130509 1000 99104.4 280.5 0.8
GOPE 130509 1100 100444.2 280.5 0.8
GOPE 130509 1200 100717.4 280.4 0.8
GOPE 130509 1300 100065.7 280.4 0.8
GOPE 130509 1400 100392.9 280.4 0.8
GOPE 130509 1500 99628.2 280.4 0.8
GOPE 130509 1600 99284.1 280.5 0.8
GOPE 130509 1700 100318.2 280.5 0.8
GOPE 130509 1800 100570.7 280.3 0.8
GOPE 130509 1900 99815.7 280.4 0.8
GOPE 130509 2000 100185.1 280.4 0.8
GOPE 130509 2100 99427.7 280.5 0.8
GOPE 130509 2200 99703.4 280.5 0.8
GOPE 130509 2300 100252.6 280.5 0.8
