GOPE 130505 0000 99913.7 280.4 0.8
GOPE 130505 0100 100791.1 280.5 0.8
GOPE 130505 0200 101777.3 280.5 0.8
GOPE 130505 0300 100581.1 280.5 0.8
GOPE 130505 0400 100229.5 280.6 0.8
GOPE 130505 0600 100132.1 280.4 0.8
GOPE 130505 0700 100862.7 280.5 0.8
GOPE 130505 0800 101972.0 280.5 0.8
GOPE 130505 0900 100733.8 280.5 0.8
GOPE 130505 1000 100895.7 280.6 0.8
GOPE 130505 1100 101252.3 280.6 0.8
GOPE 130505 1200 100605.5 280.5 0.8
GOPE 130505 1300 100892.3 280.5 0.8
GOPE 130505 1400 101973.4 280.5 0.8
GOPE 130505 1500 100557.6 280.5 0.8
GOPE 130505 1600 100064.9 280.6 0.8
GOPE 130505 1700 100191.8 280.6 0.8
GOPE 130505 1800 100619.1 280.4 0.8
GOPE 130505 1900 101075.0 280.4 0.8
GOPE 130505 2000 101724.0 280.5 0.8
GOPE 130505 2100 100278.2 280.5 0.8
GOPE 130505 2200 100262.8 280.5 0.8
