KATO 130509 0000 101099.4 279.7 5.82
KATO 130509 0100 100292.4 279.8 5.82
KATO 130509 0200 100137.7 279.8 5.82
KATO 130509 0300 99779.0 279.9 5.82
KATO 130509 0400 98965.6 280.0 5.82
KATO 130509 0500 100311.2 280.0 5.82
KATO 130509 0600 100709.5 279.7 5.82
KATO 130509 0700 100305.8 279.8 5.82
KATO 130509 0800 100506.3 279.8 5.82
KATO 130509 0900 99899.1 279.9 5.82
KATO 130509 1000 99586.4 280.0 5.82
KATO 130509 1100 100249.8 280.0 5.82
KATO 130509 1200 100585.5 279.7 5.82
KATO 130509 1300 100002.5 279.8 5.82
KATO 130509 1400 100377.6 279.8 5.82
KATO 130509 1500 99500.3 279.9 5.82
KATO 130509 1600 99941.7 280.0 5.82
KATO 130509 1700 100732.0 280.0 5.82
KATO 130509 1800 100431.2 279.8 5.82
KATO 130509 1900 99723.0 279.8 5.82
KATO 130509 2000 100038.7 279.9 5.82
KATO 130509 2100 99162.5 279.9 5.82
KATO 130509 2200 100006.2 280.0 5.82
KATO 130509 2300 100316.2 280.0 5.82
