KATO 130520 0000 101498.1 280.5 5.82
KATO 130520 0100 100575.6 280.6 5.82
KATO 130520 0200 100875.3 280.6 5.82
KATO 130520 0300 101082.9 280.8 5.82
KATO 130520 0400 101380.4 280.9 5.82
KATO 130520 0500 100814.5 281.0 5.82
KATO 130520 0600 101283.7 280.5 5.82
KATO 130520 0700 100455.3 280.6 5.82
KATO 130520 0800 100574.9 280.7 5.82
KATO 130520 0900 100731.8 280.8 5.82
KATO 130520 1000 101494.6 280.9 5.82
KATO 130520 1100 101598.3 281.0 5.82
KATO 130520 1200 101079.1 280.5 5.82
KATO 130520 1300 100502.0 280.6 5.82
KATO 130520 1400 100361.5 280.7 5.82
KATO 130520 1500 101524.3 280.7 5.82
KATO 130520 1600 101626.6 280.9 5.82
KATO 130520 1700 101418.8 281.0 5.82
KATO 130520 1800 100812.1 280.5 5.82
KATO 130520 1900 100456.0 280.6 5.82
KATO 130520 2000 100582.7 280.7 5.82
KATO 130520 2100 101722.5 280.8 5.82
KATO 130520 2200 101453.2 280.9 5.82
KATO 130520 2300 101271.1 281.0 5.82
