KATO 130505 0000 100059.4 279.8 5.82
KATO 130505 0100 101082.3 279.8 5.82
KATO 130505 0200 101839.3 279.9 5.82
KATO 130505 0300 100386.3 279.9 5.82
KATO 130505 0400 100409.3 280.0 5.82
KATO 130505 0600 100297.1 279.8 5.82
KATO 130505 0700 101140.4 279.8 5.82
KATO 130505 0800 101995.4 279.9 5.82
KATO 130505 0900 100652.1 279.9 5.82
KATO 130505 1000 100638.6 280.0 5.82
KATO 130505 1100 101329.5 280.0 5.82
KATO 130505 1200 100756.2 279.8 5.82
KATO 130505 1300 101122.7 279.8 5.82
KATO 130505 1400 101985.0 279.9 5.82
KATO 130505 1500 100330.4 279.9 5.82
KATO 130505 1600 100177.0 280.0 5.82
KATO 130505 1700 100296.1 280.0 5.82
KATO 130505 1800 100995.2 279.8 5.82
KATO 130505 1900 101236.6 279.8 5.82
KATO 130505 2000 101660.0 279.9 5.82
KATO 130505 2100 100021.7 279.9 5.82
KATO 130505 2200 100327.0 280.0 5.82
