KUNZ 130509 0000 101334.6 280.3 -0.92
KUNZ 130509 0100 100203.5 280.3 -0.92
KUNZ 130509 0200 100174.8 280.3 -0.92
KUNZ 130509 0300 99882.6 280.4 -0.92
KUNZ 130509 0400 99094.7 280.4 -0.92
KUNZ 130509 0500 100393.7 280.5 -0.92
KUNZ 130509 0600 100905.1 280.3 -0.92
KUNZ 130509 0700 100243.2 280.3 -0.92
KUNZ 130509 0800 100479.5 280.4 -0.92
KUNZ 130509 0900 99839.1 280.4 -0.92
KUNZ 130509 1000 99231.3 280.5 -0.92
KUNZ 130509 1100 100460.8 280.5 -0.92
KUNZ 130509 1200 100740.8 280.3 -0.92
KUNZ 130509 1300 100108.3 280.3 -0.92
KUNZ 130509 1400 100427.7 280.3 -0.92
KUNZ 130509 1500 99657.8 280.4 -0.92
KUNZ 130509 1600 99430.5 280.4 -0.92
KUNZ 130509 1700 100370.3 280.5 -0.92
KUNZ 130509 1800 100588.9 280.3 -0.92
KUNZ 130509 1900 99832.4 280.3 -0.92
KUNZ 130509 2000 100209.3 280.4 -0.92
KUNZ 130509 2100 99428.6 280.4 -0.92
KUNZ 130509 2200 99750.5 280.4 -0.92
KUNZ 130509 2300 100281.3 280.5 -0.92
