KUNZ 130505 0000 99972.4 280.4 -0.92
KUNZ 130505 0100 100854.7 280.4 -0.92
KUNZ 130505 0200 101810.2 280.4 -0.92
KUNZ 130505 0300 100595.0 280.5 -0.92
KUNZ 130505 0400 100281.3 280.5 -0.92
KUNZ 130505 0600 100167.8 280.4 -0.92
KUNZ 130505 0700 100922.5 280.4 -0.92
KUNZ 130505 0800 102006.0 280.4 -0.92
KUNZ 130505 0900 100759.5 280.5 -0.92
KUNZ 130505 1000 100886.3 280.5 -0.92
KUNZ 130505 1100 101290.7 280.5 -0.92
KUNZ 130505 1200 100646.9 280.4 -0.92
KUNZ 130505 1300 100944.5 280.4 -0.92
KUNZ 130505 1400 102020.4 280.5 -0.92
KUNZ 130505 1500 100567.9 280.4 -0.92
KUNZ 130505 1600 100103.7 280.5 -0.92
KUNZ 130505 1700 100230.5 280.5 -0.92
KUNZ 130505 1800 100697.2 280.4 -0.92
KUNZ 130505 1900 101111.5 280.4 -0.92
KUNZ 130505 2000 101766.9 280.4 -0.92
KUNZ 130505 2100 100276.9 280.5 -0.92
KUNZ 130505 2200 100296.2 280.5 -0.92
