KUNZ 130520 0000 101727.4 280.9 -0.92
KUNZ 130520 0100 100471.9 281.0 -0.92
KUNZ 130520 0200 101043.5 281.0 -0.92
KUNZ 130520 0300 101396.9 281.1 -0.92
KUNZ 130520 0400 101599.4 281.2 -0.92
KUNZ 130520 0500 100832.3 281.3 -0.92
KUNZ 130520 0600 101502.1 280.9 -0.92
KUNZ 130520 0700 100375.8 280.9 -0.92
KUNZ 130520 0800 100743.9 281.1 -0.92
KUNZ 130520 0900 100957.3 281.1 -0.92
KUNZ 130520 1000 101871.9 281.3 -0.92
KUNZ 130520 1100 101625.5 281.3 -0.92
KUNZ 130520 1200 101208.7 280.9 -0.92
KUNZ 130520 1300 100472.1 281.0 -0.92
KUNZ 130520 1400 100529.1 281.1 -0.92
KUNZ 130520 1500 101399.8 281.1 -0.92
KUNZ 130520 1600 101887.9 281.2 -0.92
KUNZ 130520 1700 101506.0 281.3 -0.92
KUNZ 130520 1800 100905.6 280.9 -0.92
KUNZ 130520 1900 100523.9 280.9 -0.92
KUNZ 130520 2000 100690.4 281.0 -0.92
KUNZ 130520 2100 101842.0 281.1 -0.92
KUNZ 130520 2200 101716.7 281.2 -0.92
KUNZ 130520 2300 101565.1 281.3 -0.92
