MOPI 130509 0000 101481.7 280.1 -2.4
MOPI 130509 0100 100312.8 280.2 -2.4
MOPI 130509 0200 100193.7 280.2 -2.4
MOPI 130509 0300 100056.8 280.2 -2.4
MOPI 130509 0400 99162.5 280.3 -2.4
MOPI 130509 0500 100277.7 280.3 -2.4
MOPI 130509 0600 101061.1 280.1 -2.4
MOPI 130509 0700 100313.5 280.1 -2.4
MOPI 130509 0800 100420.9 280.2 -2.4
MOPI 130509 0900 99849.4 280.2 -2.4
MOPI 130509 1000 99498.3 280.3 -2.4
MOPI 130509 1100 100583.5 280.3 -2.4
MOPI 130509 1200 100878.6 280.1 -2.4
MOPI 130509 1300 100193.6 280.1 -2.4
MOPI 130509 1400 100456.6 280.2 -2.4
MOPI 130509 1500 99760.1 280.2 -2.4
MOPI 130509 1600 99628.0 280.3 -2.4
MOPI 130509 1700 100204.9 280.3 -2.4
MOPI 130509 1800 100699.3 280.1 -2.4
MOPI 130509 1900 99884.3 280.2 -2.4
MOPI 130509 2000 100275.0 280.2 -2.4
MOPI 130509 2100 99479.8 280.2 -2.4
MOPI 130509 2200 99786.5 280.3 -2.4
MOPI 130509 2300 100249.1 280.3 -2.4
