MOPI 130520 0000 101796.2 280.7 -2.4
MOPI 130520 0100 100541.9 280.8 -2.4
MOPI 130520 0200 101042.1 280.8 -2.4
MOPI 130520 0300 101369.1 280.9 -2.4
MOPI 130520 0400 101664.9 281.1 -2.4
MOPI 130520 0500 100862.7 281.1 -2.4
MOPI 130520 0600 101614.6 280.7 -2.4
MOPI 130520 0700 100446.6 280.8 -2.4
MOPI 130520 0800 100684.5 280.9 -2.4
MOPI 130520 0900 100947.7 280.9 -2.4
MOPI 130520 1000 101922.0 281.1 -2.4
MOPI 130520 1100 101654.0 281.1 -2.4
MOPI 130520 1200 101342.3 280.7 -2.4
MOPI 130520 1300 100457.0 280.8 -2.4
MOPI 130520 1400 100542.4 280.9 -2.4
MOPI 130520 1500 101460.5 280.9 -2.4
MOPI 130520 1600 101938.1 281.1 -2.4
MOPI 130520 1700 101467.7 281.1 -2.4
MOPI 130520 1800 101036.3 280.7 -2.4
MOPI 130520 1900 100518.0 280.8 -2.4
MOPI 130520 2000 100784.6 280.9 -2.4
MOPI 130520 2100 101766.1 281.0 -2.4
MOPI 130520 2200 101774.0 281.1 -2.4
MOPI 130520 2300 101526.0 281.2 -2.4
