MOPI 130505 0000 100110.1 280.2 -2.4
MOPI 130505 0100 100831.4 280.2 -2.4
MOPI 130505 0200 101791.5 280.2 -2.4
MOPI 130505 0300 100674.9 280.3 -2.4
MOPI 130505 0400 100257.2 280.3 -2.4
MOPI 130505 0600 100220.5 280.2 -2.4
MOPI 130505 0700 100890.0 280.2 -2.4
MOPI 130505 0800 102032.2 280.2 -2.4
MOPI 130505 0900 100792.6 280.3 -2.4
MOPI 130505 1000 100882.6 280.4 -2.4
MOPI 130505 1100 101271.0 280.4 -2.4
MOPI 130505 1200 100642.1 280.2 -2.4
MOPI 130505 1300 100893.7 280.2 -2.4
MOPI 130505 1400 102121.6 280.3 -2.4
MOPI 130505 1500 100700.9 280.3 -2.4
MOPI 130505 1600 100166.0 280.3 -2.4
MOPI 130505 1700 100213.7 280.4 -2.4
MOPI 130505 1800 100709.7 280.2 -2.4
MOPI 130505 1900 101041.9 280.2 -2.4
MOPI 130505 2000 101908.8 280.3 -2.4
MOPI 130505 2100 100345.2 280.3 -2.4
MOPI 130505 2200 100281.5 280.3 -2.4
