TUBO 130505 0000 100033.7 280.3 -3.12
TUBO 130505 0100 100924.6 280.3 -3.12
TUBO 130505 0200 101850.3 280.3 -3.12
TUBO 130505 0300 100610.4 280.4 -3.12
TUBO 130505 0400 100337.8 280.5 -3.12
TUBO 130505 0600 100217.3 280.3 -3.12
TUBO 130505 0700 100991.6 280.3 -3.12
TUBO 130505 0800 102046.3 280.3 -3.12
TUBO 130505 0900 100790.2 280.4 -3.12
TUBO 130505 1000 100880.0 280.4 -3.12
TUBO 130505 1100 101330.2 280.5 -3.12
TUBO 130505 1200 100700.6 280.3 -3.12
TUBO 130505 1300 101004.2 280.3 -3.12
TUBO 130505 1400 102074.1 280.4 -3.12
TUBO 130505 1500 100584.8 280.4 -3.12
TUBO 130505 1600 100150.1 280.4 -3.12
TUBO 130505 1700 100275.3 280.5 -3.12
TUBO 130505 1800 100782.8 280.3 -3.12
TUBO 130505 1900 101155.7 280.3 -3.12
TUBO 130505 2000 101811.4 280.3 -3.12
TUBO 130505 2100 100280.2 280.4 -3.12
TUBO 130505 2200 100335.6 280.4 -3.12
