TUBO 130509 0000 101355.7 280.2 -3.12
TUBO 130509 0100 100239.4 280.3 -3.12
TUBO 130509 0200 100187.6 280.3 -3.12
TUBO 130509 0300 99904.8 280.3 -3.12
TUBO 130509 0400 99114.7 280.4 -3.12
TUBO 130509 0500 100393.5 280.4 -3.12
TUBO 130509 0600 100928.5 280.2 -3.12
TUBO 130509 0700 100298.8 280.2 -3.12
TUBO 130509 0800 100510.4 280.3 -3.12
TUBO 130509 0900 99874.8 280.3 -3.12
TUBO 130509 1000 99366.7 280.4 -3.12
TUBO 130509 1100 100485.1 280.4 -3.12
TUBO 130509 1200 100771.8 280.2 -3.12
TUBO 130509 1300 100147.7 280.2 -3.12
TUBO 130509 1400 100468.5 280.2 -3.12
TUBO 130509 1500 99689.1 280.3 -3.12
TUBO 130509 1600 99606.0 280.3 -3.12
TUBO 130509 1700 100439.2 280.4 -3.12
TUBO 130509 1800 100612.2 280.2 -3.12
TUBO 130509 1900 99848.5 280.2 -3.12
TUBO 130509 2000 100237.5 280.3 -3.12
TUBO 130509 2100 99430.6 280.3 -3.12
TUBO 130509 2200 99814.6 280.4 -3.12
TUBO 130509 2300 100314.5 280.4 -3.12
