TUBO 130520 0000 101739.4 280.9 -3.12
TUBO 130520 0100 100539.2 280.9 -3.12
TUBO 130520 0200 101062.9 280.9 -3.12
TUBO 130520 0300 101380.4 281.1 -3.12
TUBO 130520 0400 101611.1 281.2 -3.12
TUBO 130520 0500 100876.3 281.2 -3.12
TUBO 130520 0600 101523.1 280.9 -3.12
TUBO 130520 0700 100441.7 280.9 -3.12
TUBO 130520 0800 100747.5 281.0 -3.12
TUBO 130520 0900 100937.8 281.1 -3.12
TUBO 130520 1000 101859.1 281.2 -3.12
TUBO 130520 1100 101672.1 281.3 -3.12
TUBO 130520 1200 101242.2 280.9 -3.12
TUBO 130520 1300 100509.8 280.9 -3.12
TUBO 130520 1400 100535.3 281.0 -3.12
TUBO 130520 1500 101455.9 281.1 -3.12
TUBO 130520 1600 101891.3 281.2 -3.12
TUBO 130520 1700 101519.4 281.2 -3.12
TUBO 130520 1800 100942.4 280.9 -3.12
TUBO 130520 1900 100548.7 280.9 -3.12
TUBO 130520 2000 100723.3 281.0 -3.12
TUBO 130520 2100 101845.5 281.1 -3.12
TUBO 130520 2200 101716.0 281.2 -3.12
TUBO 130520 2300 101543.1 281.3 -3.12
