VACO 130509 0000 101330.8 280.4 0.06
VACO 130509 0100 100198.7 280.5 0.06
VACO 130509 0200 100201.2 280.4 0.06
VACO 130509 0300 99895.0 280.5 0.06
VACO 130509 0400 99095.2 280.5 0.06
VACO 130509 0500 100449.9 280.6 0.06
VACO 130509 0600 100904.2 280.4 0.06
VACO 130509 0700 100189.3 280.4 0.06
VACO 130509 0800 100458.1 280.5 0.06
VACO 130509 0900 99826.7 280.5 0.06
VACO 130509 1000 99023.1 280.6 0.06
VACO 130509 1100 100455.6 280.6 0.06
VACO 130509 1200 100724.2 280.4 0.06
VACO 130509 1300 100051.9 280.4 0.06
VACO 130509 1400 100386.6 280.4 0.06
VACO 130509 1500 99627.9 280.5 0.06
VACO 130509 1600 99197.0 280.5 0.06
VACO 130509 1700 100307.5 280.6 0.06
VACO 130509 1800 100584.9 280.4 0.06
VACO 130509 1900 99821.0 280.4 0.06
VACO 130509 2000 100187.4 280.5 0.06
VACO 130509 2100 99450.2 280.5 0.06
VACO 130509 2200 99698.7 280.5 0.06
VACO 130509 2300 100253.8 280.5 0.06
