VACO 130505 0000 99885.7 280.5 0.06
VACO 130505 0100 100753.6 280.5 0.06
VACO 130505 0200 101773.0 280.5 0.06
VACO 130505 0300 100592.7 280.6 0.06
VACO 130505 0400 100203.6 280.7 0.06
VACO 130505 0600 100126.3 280.5 0.06
VACO 130505 0700 100831.9 280.5 0.06
VACO 130505 0800 101967.0 280.5 0.06
VACO 130505 0900 100736.9 280.6 0.06
VACO 130505 1000 100933.5 280.6 0.06
VACO 130505 1100 101241.8 280.6 0.06
VACO 130505 1200 100594.4 280.5 0.06
VACO 130505 1300 100870.1 280.5 0.06
VACO 130505 1400 101953.3 280.6 0.06
VACO 130505 1500 100576.8 280.6 0.06
VACO 130505 1600 100056.2 280.7 0.06
VACO 130505 1700 100181.4 280.6 0.06
VACO 130505 1800 100571.6 280.5 0.06
VACO 130505 1900 101071.6 280.5 0.06
VACO 130505 2000 101707.3 280.5 0.06
VACO 130505 2100 100307.1 280.6 0.06
VACO 130505 2200 100258.9 280.6 0.06
