VACO 130520 0000 101742.6 281.0 0.06
VACO 130520 0100 100398.9 281.1 0.06
VACO 130520 0200 101042.6 281.1 0.06
VACO 130520 0300 101466.4 281.2 0.06
VACO 130520 0400 101605.8 281.2 0.06
VACO 130520 0500 100775.5 281.3 0.06
VACO 130520 0600 101494.9 281.0 0.06
VACO 130520 0700 100290.7 281.0 0.06
VACO 130520 0800 100760.4 281.1 0.06
VACO 130520 0900 101037.8 281.2 0.06
VACO 130520 1000 101929.8 281.3 0.06
VACO 130520 1100 101555.6 281.3 0.06
VACO 130520 1200 101187.9 281.0 0.06
VACO 130520 1300 100439.1 281.1 0.06
VACO 130520 1400 100561.5 281.1 0.06
VACO 130520 1500 101381.1 281.1 0.06
VACO 130520 1600 101914.8 281.3 0.06
VACO 130520 1700 101522.7 281.3 0.06
VACO 130520 1800 100879.7 281.0 0.06
VACO 130520 1900 100511.3 281.0 0.06
VACO 130520 2000 100666.0 281.1 0.06
VACO 130520 2100 101882.4 281.2 0.06
VACO 130520 2200 101756.2 281.3 0.06
VACO 130520 2300 101640.4 281.3 0.06
