VSBO 130509 0000 101233.6 279.9 6.17
VSBO 130509 0100 100188.2 280.0 6.17
VSBO 130509 0200 100080.3 280.0 6.17
VSBO 130509 0300 99825.6 280.1 6.17
VSBO 130509 0400 98996.1 280.1 6.17
VSBO 130509 0500 100246.4 280.1 6.17
VSBO 130509 0600 100821.0 279.9 6.17
VSBO 130509 0700 100259.1 279.9 6.17
VSBO 130509 0800 100407.1 280.0 6.17
VSBO 130509 0900 99805.3 280.0 6.17
VSBO 130509 1000 99452.0 280.2 6.17
VSBO 130509 1100 100372.2 280.1 6.17
VSBO 130509 1200 100676.6 279.9 6.17
VSBO 130509 1300 100048.0 279.9 6.17
VSBO 130509 1400 100384.8 280.0 6.17
VSBO 130509 1500 99588.4 280.0 6.17
VSBO 130509 1600 99765.2 280.1 6.17
VSBO 130509 1700 100439.2 280.1 6.17
VSBO 130509 1800 100507.2 279.9 6.17
VSBO 130509 1900 99733.8 280.0 6.17
VSBO 130509 2000 100124.2 280.0 6.17
VSBO 130509 2100 99261.2 280.1 6.17
VSBO 130509 2200 99807.9 280.1 6.17
VSBO 130509 2300 100218.9 280.2 6.17
