VSBO 130505 0000 99981.6 280.0 6.17
VSBO 130505 0100 100896.4 280.0 6.17
VSBO 130505 0200 101757.7 280.0 6.17
VSBO 130505 0300 100481.0 280.1 6.17
VSBO 130505 0400 100285.6 280.2 6.17
VSBO 130505 0600 100179.8 280.0 6.17
VSBO 130505 0700 100966.3 280.0 6.17
VSBO 130505 0800 101955.0 280.0 6.17
VSBO 130505 0900 100685.7 280.1 6.17
VSBO 130505 1000 100696.4 280.2 6.17
VSBO 130505 1100 101242.1 280.2 6.17
VSBO 130505 1200 100635.0 280.0 6.17
VSBO 130505 1300 100958.3 280.0 6.17
VSBO 130505 1400 102001.8 280.1 6.17
VSBO 130505 1500 100461.1 280.1 6.17
VSBO 130505 1600 100088.6 280.2 6.17
VSBO 130505 1700 100201.3 280.2 6.17
VSBO 130505 1800 100793.2 280.0 6.17
VSBO 130505 1900 101083.7 280.0 6.17
VSBO 130505 2000 101726.6 280.0 6.17
VSBO 130505 2100 100126.1 280.1 6.17
VSBO 130505 2200 100247.3 280.1 6.17
