VSBO 130520 0000 101600.8 280.7 6.17
VSBO 130520 0100 100516.6 280.7 6.17
VSBO 130520 0200 100922.8 280.8 6.17
VSBO 130520 0300 101187.9 280.9 6.17
VSBO 130520 0400 101461.0 281.0 6.17
VSBO 130520 0500 100795.9 281.1 6.17
VSBO 130520 0600 101402.1 280.7 6.17
VSBO 130520 0700 100400.4 280.7 6.17
VSBO 130520 0800 100578.3 280.8 6.17
VSBO 130520 0900 100768.3 280.9 6.17
VSBO 130520 1000 101655.2 281.0 6.17
VSBO 130520 1100 101588.0 281.1 6.17
VSBO 130520 1200 101156.2 280.6 6.17
VSBO 130520 1300 100429.3 280.7 6.17
VSBO 130520 1400 100403.6 280.8 6.17
VSBO 130520 1500 101423.5 280.9 6.17
VSBO 130520 1600 101722.2 281.0 6.17
VSBO 130520 1700 101375.4 281.0 6.17
VSBO 130520 1800 100865.7 280.6 6.17
VSBO 130520 1900 100437.0 280.7 6.17
VSBO 130520 2000 100642.8 280.7 6.17
VSBO 130520 2100 101687.5 280.9 6.17
VSBO 130520 2200 101550.1 281.0 6.17
VSBO 130520 2300 101327.8 281.1 6.17
