WTZR 130520 0000 101645.1 281.1 2.18
WTZR 130520 0100 100432.5 281.1 2.18
WTZR 130520 0200 101035.6 281.1 2.18
WTZR 130520 0300 101435.1 281.2 2.18
WTZR 130520 0400 101506.3 281.3 2.18
WTZR 130520 0500 100738.4 281.4 2.18
WTZR 130520 0600 101367.6 281.1 2.18
WTZR 130520 0700 100310.8 281.1 2.18
WTZR 130520 0800 100747.3 281.2 2.18
WTZR 130520 0900 100995.4 281.2 2.18
WTZR 130520 1000 101822.2 281.4 2.18
WTZR 130520 1100 101545.3 281.4 2.18
WTZR 130520 1200 101051.5 281.1 2.18
WTZR 130520 1300 100490.1 281.1 2.18
WTZR 130520 1400 100522.8 281.2 2.18
WTZR 130520 1500 101382.4 281.2 2.18
WTZR 130520 1600 101821.9 281.3 2.18
WTZR 130520 1700 101537.4 281.4 2.18
WTZR 130520 1800 100757.9 281.1 2.18
WTZR 130520 1900 100523.5 281.1 2.18
WTZR 130520 2000 100611.2 281.1 2.18
WTZR 130520 2100 101906.7 281.2 2.18
WTZR 130520 2200 101662.0 281.3 2.18
WTZR 130520 2300 101640.0 281.4 2.18
