WTZR 130509 0000 101174.9 280.4 2.18
WTZR 130509 0100 100198.1 280.5 2.18
WTZR 130509 0200 100239.9 280.5 2.18
WTZR 130509 0300 99773.4 280.5 2.18
WTZR 130509 0400 99003.6 280.6 2.18
WTZR 130509 0500 100493.8 280.6 2.18
WTZR 130509 0600 100728.1 280.4 2.18
WTZR 130509 0700 100197.2 280.4 2.18
WTZR 130509 0800 100487.7 280.5 2.18
WTZR 130509 0900 99876.5 280.5 2.18
WTZR 130509 1000 98812.0 280.6 2.18
WTZR 130509 1100 100325.3 280.6 2.18
WTZR 130509 1200 100571.5 280.4 2.18
WTZR 130509 1300 100011.2 280.4 2.18
WTZR 130509 1400 100354.4 280.5 2.18
WTZR 130509 1500 99559.4 280.5 2.18
WTZR 130509 1600 99267.2 280.6 2.18
WTZR 130509 1700 100578.7 280.6 2.18
WTZR 130509 1800 100464.5 280.4 2.18
WTZR 130509 1900 99777.0 280.5 2.18
WTZR 130509 2000 100131.6 280.5 2.18
WTZR 130509 2100 99364.6 280.5 2.18
WTZR 130509 2200 99722.2 280.6 2.18
WTZR 130509 2300 100292.8 280.6 2.18
