WTZR 130505 0000 99858.9 280.5 2.18
WTZR 130505 0100 100808.3 280.6 2.18
WTZR 130505 0200 101772.2 280.6 2.18
WTZR 130505 0300 100523.9 280.6 2.18
WTZR 130505 0400 100235.3 280.7 2.18
WTZR 130505 0600 100160.4 280.5 2.18
WTZR 130505 0700 100897.5 280.6 2.18
WTZR 130505 0800 101940.9 280.6 2.18
WTZR 130505 0900 100698.8 280.6 2.18
WTZR 130505 1000 100896.5 280.7 2.18
WTZR 130505 1100 101274.9 280.7 2.18
WTZR 130505 1200 100638.9 280.6 2.18
WTZR 130505 1300 100941.6 280.6 2.18
WTZR 130505 1400 101864.3 280.6 2.18
WTZR 130505 1500 100437.0 280.6 2.18
WTZR 130505 1600 100071.6 280.7 2.18
WTZR 130505 1700 100219.5 280.7 2.18
WTZR 130505 1800 100635.0 280.5 2.18
WTZR 130505 1900 101137.4 280.5 2.18
WTZR 130505 2000 101571.4 280.6 2.18
WTZR 130505 2100 100229.8 280.7 2.18
WTZR 130505 2200 100310.6 280.6 2.18
