ZYWI 130509 0000 101358.9 279.9 -4.66
ZYWI 130509 0100 100370.3 279.9 -4.66
ZYWI 130509 0200 100229.3 279.9 -4.66
ZYWI 130509 0300 99985.6 280.0 -4.66
ZYWI 130509 0400 99123.9 280.1 -4.66
ZYWI 130509 0500 100370.9 280.1 -4.66
ZYWI 130509 0600 100955.7 279.9 -4.66
ZYWI 130509 0700 100426.3 279.9 -4.66
ZYWI 130509 0800 100544.1 279.9 -4.66
ZYWI 130509 0900 99966.2 280.0 -4.66
ZYWI 130509 1000 99660.8 280.1 -4.66
ZYWI 130509 1100 100502.7 280.1 -4.66
ZYWI 130509 1200 100814.4 279.9 -4.66
ZYWI 130509 1300 100178.7 279.9 -4.66
ZYWI 130509 1400 100531.5 279.9 -4.66
ZYWI 130509 1500 99717.8 280.0 -4.66
ZYWI 130509 1600 99995.9 280.0 -4.66
ZYWI 130509 1700 100633.7 280.1 -4.66
ZYWI 130509 1800 100648.9 279.9 -4.66
ZYWI 130509 1900 99876.3 279.9 -4.66
ZYWI 130509 2000 100254.4 280.0 -4.66
ZYWI 130509 2100 99365.6 280.0 -4.66
ZYWI 130509 2200 100001.5 280.1 -4.66
ZYWI 130509 2300 100361.9 280.1 -4.66
