ZYWI 130520 0000 101713.5 280.6 -4.66
ZYWI 130520 0100 100682.0 280.7 -4.66
ZYWI 130520 0200 101029.1 280.7 -4.66
ZYWI 130520 0300 101280.5 280.8 -4.66
ZYWI 130520 0400 101568.3 281.0 -4.66
ZYWI 130520 0500 100941.9 281.0 -4.66
ZYWI 130520 0600 101527.2 280.6 -4.66
ZYWI 130520 0700 100552.3 280.7 -4.66
ZYWI 130520 0800 100679.1 280.7 -4.66
ZYWI 130520 0900 100889.1 280.8 -4.66
ZYWI 130520 1000 101735.9 281.0 -4.66
ZYWI 130520 1100 101729.8 281.0 -4.66
ZYWI 130520 1200 101296.2 280.6 -4.66
ZYWI 130520 1300 100579.4 280.7 -4.66
ZYWI 130520 1400 100531.6 280.7 -4.66
ZYWI 130520 1500 101595.1 280.8 -4.66
ZYWI 130520 1600 101818.7 281.0 -4.66
ZYWI 130520 1700 101490.6 281.0 -4.66
ZYWI 130520 1800 101012.9 280.6 -4.66
ZYWI 130520 1900 100572.3 280.6 -4.66
ZYWI 130520 2000 100793.6 280.7 -4.66
ZYWI 130520 2100 101792.5 280.8 -4.66
ZYWI 130520 2200 101655.2 281.0 -4.66
ZYWI 130520 2300 101409.3 281.1 -4.66
