ZYWI 130505 0000 100143.6 279.9 -4.66
ZYWI 130505 0100 101073.9 280.0 -4.66
ZYWI 130505 0200 101899.7 279.9 -4.66
ZYWI 130505 0300 100603.5 280.0 -4.66
ZYWI 130505 0400 100443.6 280.1 -4.66
ZYWI 130505 0600 100359.3 279.9 -4.66
ZYWI 130505 0700 101143.5 279.9 -4.66
ZYWI 130505 0800 102095.1 279.9 -4.66
ZYWI 130505 0900 100814.5 280.0 -4.66
ZYWI 130505 1000 100789.7 280.1 -4.66
ZYWI 130505 1100 101394.5 280.1 -4.66
ZYWI 130505 1200 100780.0 279.9 -4.66
ZYWI 130505 1300 101124.0 279.9 -4.66
ZYWI 130505 1400 102150.5 280.0 -4.66
ZYWI 130505 1500 100584.1 280.0 -4.66
ZYWI 130505 1600 100252.7 280.1 -4.66
ZYWI 130505 1700 100348.5 280.1 -4.66
ZYWI 130505 1800 100984.0 279.9 -4.66
ZYWI 130505 1900 101238.6 279.9 -4.66
ZYWI 130505 2000 101870.7 280.0 -4.66
ZYWI 130505 2100 100239.4 280.0 -4.66
ZYWI 130505 2200 100385.9 280.1 -4.66
